2000
2 280
2 1047
3 347
3 1079
4 349
4 556
4 859
4 879
4 880
4 892
4 954
4 955
4 965
4 967
4 1080
4 1097
4 1277
4 1355
4 1372
4 1447
4 1554
4 1559
4 1581
4 1691
4 1713
4 1809
5 897
5 931
5 1410
5 1791
5 1835
6 371
6 896
6 952
6 1090
6 1364
6 1822
6 1834
9 579
10 90
10 908
10 1461
10 1891
12 9
12 250
12 449
12 545
12 871
12 933
12 957
12 1166
12 1248
12 1304
12 1480
12 1651
12 1661
12 1668
12 1682
12 1752
12 1762
12 1863
12 1915
12 1930
13 206
14 516
15 1686
16 329
16 461
16 467
16 593
16 1069
16 1715
17 798
17 1611
18 516
22 406
25 321
25 435
25 649
25 683
25 738
25 797
25 1137
25 1232
25 1377
25 1503
25 1595
25 1626
25 1883
25 1948
26 991
26 1234
28 735
34 1120
35 1247
35 1471
36 1686
38 1087
45 341
45 1522
46 9
46 250
46 449
46 545
46 871
46 933
46 957
46 1166
46 1248
46 1304
46 1480
46 1651
46 1661
46 1668
46 1682
46 1752
46 1762
46 1863
46 1915
46 1930
50 240
51 212
51 325
55 1669
57 991
57 1234
61 1233
62 349
62 556
62 859
62 879
62 880
62 892
62 954
62 955
62 965
62 967
62 1080
62 1097
62 1277
62 1355
62 1372
62 1447
62 1554
62 1559
62 1581
62 1691
62 1713
62 1809
63 1238
64 6
64 371
64 896
64 952
64 1090
64 1364
64 1822
64 1834
65 707
66 9
66 250
66 449
66 545
66 871
66 933
66 957
66 1166
66 1248
66 1304
66 1480
66 1651
66 1661
66 1668
66 1682
66 1752
66 1762
66 1863
66 1915
66 1930
67 1557
69 1841
73 463
74 6
74 371
74 896
74 952
74 1090
74 1364
74 1822
74 1834
77 1531
77 1813
78 1783
80 1238
82 1753
85 969
86 9
86 250
86 449
86 545
86 871
86 933
86 957
86 1166
86 1248
86 1304
86 1480
86 1651
86 1661
86 1668
86 1682
86 1752
86 1762
86 1863
86 1915
86 1930
87 666
89 1624
94 273
94 1697
99 321
99 435
99 649
99 683
99 738
99 797
99 1137
99 1232
99 1377
99 1503
99 1595
99 1626
99 1883
99 1948
100 77
102 1088
103 1686
107 16
111 1288
114 983
114 1225
114 1644
117 516
120 814
120 1712
120 1980
126 452
129 176
129 357
129 561
129 757
129 1038
129 1236
129 1300
129 1319
129 1331
129 1344
129 1555
129 1578
129 1737
129 1803
132 798
132 1611
134 897
134 931
134 1410
134 1791
134 1835
136 8
136 97
136 868
141 1569
143 1399
143 1655
149 777
150 176
150 357
150 561
150 757
150 777
150 1038
150 1236
150 1300
150 1319
150 1331
150 1344
150 1555
150 1578
150 1737
150 1803
157 1172
158 798
158 1611
160 940
163 1539
163 1790
166 390
166 1276
171 265
172 105
172 1114
179 996
182 777
183 349
183 390
183 556
183 859
183 879
183 880
183 892
183 954
183 955
183 965
183 967
183 1080
183 1097
183 1276
183 1277
183 1355
183 1372
183 1447
183 1554
183 1559
183 1581
183 1691
183 1713
183 1809
184 349
184 556
184 859
184 879
184 880
184 892
184 954
184 955
184 965
184 967
184 1080
184 1097
184 1277
184 1355
184 1372
184 1447
184 1554
184 1559
184 1581
184 1691
184 1713
184 1809
185 579
186 794
187 652
190 1183
191 1823
192 1165
193 390
193 1276
196 940
198 390
198 1276
200 1209
200 1269
203 321
203 435
203 649
203 683
203 738
203 797
203 1137
203 1232
203 1377
203 1503
203 1595
203 1626
203 1883
203 1948
205 1531
205 1813
208 1120
208 1784
208 1922
213 1059
216 1666
216 1727
216 1918
220 236
220 1257
220 1325
222 223
228 1087
232 1624
234 1742
236 1152
237 6
237 371
237 896
237 952
237 1090
237 1364
237 1822
237 1834
250 375
250 999
250 1623
250 1819
253 304
253 503
253 1214
253 1271
253 1605
255 347
255 1079
256 823
258 9
258 250
258 449
258 545
258 871
258 933
258 957
258 1166
258 1248
258 1304
258 1480
258 1651
258 1661
258 1668
258 1682
258 1752
258 1762
258 1863
258 1915
258 1930
259 204
259 405
259 720
259 884
259 1620
259 1945
261 1946
266 110
266 1657
267 14
269 1334
269 1449
271 286
271 418
271 1258
271 1769
272 969
278 1666
278 1727
278 1918
282 798
282 1611
289 240
291 516
295 1878
295 1976
297 9
297 250
297 449
297 545
297 871
297 933
297 957
297 1166
297 1248
297 1304
297 1480
297 1491
297 1651
297 1661
297 1668
297 1682
297 1752
297 1762
297 1863
297 1915
297 1930
299 204
299 405
299 720
299 884
299 1620
299 1945
300 50
301 553
306 349
306 556
306 859
306 879
306 880
306 892
306 954
306 955
306 965
306 967
306 1080
306 1097
306 1277
306 1355
306 1372
306 1447
306 1554
306 1559
306 1581
306 1691
306 1713
306 1809
313 1498
314 9
314 250
314 449
314 545
314 871
314 933
314 957
314 1166
314 1248
314 1304
314 1480
314 1651
314 1661
314 1668
314 1682
314 1752
314 1762
314 1863
314 1915
314 1930
315 316
315 330
315 361
315 447
315 600
315 792
315 862
315 1360
315 1396
315 1952
315 1955
317 1920
318 349
318 556
318 859
318 879
318 880
318 892
318 954
318 955
318 965
318 967
318 1080
318 1097
318 1277
318 1355
318 1372
318 1447
318 1554
318 1559
318 1581
318 1691
318 1713
318 1809
319 1005
321 583
321 788
321 885
321 1382
321 1747
321 1848
321 1979
329 461
329 467
329 593
329 1069
329 1715
330 390
330 1276
333 697
333 1045
333 1951
333 1994
335 1666
335 1727
335 1918
336 113
339 666
340 1946
341 814
341 1712
341 1980
342 1087
343 16
344 1624
345 1878
345 1976
352 1619
353 777
354 349
354 556
354 859
354 879
354 880
354 892
354 954
354 955
354 965
354 967
354 1080
354 1097
354 1277
354 1355
354 1372
354 1447
354 1554
354 1559
354 1581
354 1691
354 1713
354 1809
355 1742
356 28
356 191
356 366
358 190
358 1183
359 209
359 1020
365 182
366 28
366 191
368 1238
370 966
370 1386
370 1967
372 511
372 1404
375 1243
375 1549
375 1916
378 1958
381 1272
383 1652
384 3
386 9
386 250
386 449
386 545
386 871
386 933
386 957
386 1166
386 1248
386 1304
386 1480
386 1651
386 1661
386 1668
386 1682
386 1752
386 1762
386 1863
386 1915
386 1930
391 1150
391 1306
394 6
394 371
394 896
394 952
394 1090
394 1364
394 1822
394 1834
397 1128
400 28
400 191
400 366
401 579
402 1035
404 137
405 1897
406 537
406 1997
407 349
407 556
407 859
407 879
407 880
407 892
407 954
407 955
407 965
407 967
407 1080
407 1097
407 1277
407 1355
407 1372
407 1447
407 1554
407 1559
407 1581
407 1691
407 1713
407 1809
408 1600
410 1238
412 347
412 1079
413 158
416 1928
417 1010
418 286
418 1258
418 1769
425 1238
426 1837
428 204
428 405
428 720
428 884
428 1620
428 1945
432 136
432 1176
433 204
433 405
433 720
433 884
433 1620
433 1945
435 154
435 1466
442 777
444 110
444 583
444 788
444 885
444 1382
444 1657
444 1747
444 1848
444 1979
447 601
447 825
447 901
449 737
451 341
451 1522
454 1804
456 9
456 250
456 449
456 545
456 871
456 933
456 957
456 1166
456 1248
456 1304
456 1480
456 1651
456 1661
456 1668
456 1682
456 1752
456 1762
456 1863
456 1915
456 1930
456 1956
458 1359
459 579
460 199
460 477
467 943
467 1096
467 1729
471 1359
472 777
478 1417
480 948
480 1159
480 1787
483 1001
484 289
485 1292
485 1664
487 9
487 250
487 449
487 545
487 871
487 933
487 957
487 1166
487 1248
487 1304
487 1480
487 1651
487 1661
487 1668
487 1682
487 1752
487 1762
487 1863
487 1915
487 1930
488 1784
488 1922
492 390
492 1276
494 73
494 463
496 1666
496 1727
496 1918
500 1082
501 1129
502 349
502 556
502 859
502 879
502 880
502 892
502 954
502 955
502 965
502 967
502 1080
502 1097
502 1277
502 1355
502 1372
502 1447
502 1554
502 1559
502 1581
502 1691
502 1713
502 1809
504 500
504 1054
507 1075
507 1898
509 286
509 418
509 1258
509 1769
512 1233
516 390
516 1276
520 842
521 58
522 9
522 250
522 449
522 545
522 871
522 933
522 957
522 1166
522 1248
522 1304
522 1480
522 1651
522 1661
522 1668
522 1682
522 1752
522 1762
522 1863
522 1915
522 1930
523 9
523 250
523 449
523 545
523 871
523 933
523 957
523 1166
523 1248
523 1304
523 1480
523 1651
523 1661
523 1668
523 1682
523 1752
523 1762
523 1863
523 1915
523 1930
526 407
530 9
530 250
530 449
530 545
530 871
530 933
530 957
530 1166
530 1248
530 1304
530 1480
530 1651
530 1661
530 1668
530 1682
530 1752
530 1762
530 1863
530 1915
530 1930
536 962
538 347
538 1079
539 341
539 1522
540 798
540 1611
541 688
541 1755
547 555
549 658
553 189
556 517
556 1230
556 1831
556 1926
557 814
557 1712
557 1980
558 697
558 1045
558 1951
558 1994
561 390
561 1276
562 991
562 1234
564 190
564 1183
570 78
574 1074
576 1253
577 28
577 191
577 366
578 1209
578 1269
583 579
585 167
585 1443
590 38
590 889
590 928
593 562
593 1140
593 1746
596 1283
598 341
598 1522
600 390
600 1276
601 390
601 1276
603 209
603 1020
605 341
605 1522
607 991
607 1234
611 273
611 1697
614 579
616 349
616 556
616 859
616 879
616 880
616 892
616 954
616 955
616 965
616 967
616 1080
616 1097
616 1277
616 1355
616 1372
616 1447
616 1554
616 1559
616 1581
616 1691
616 1713
616 1809
619 1635
622 1742
625 823
629 1783
632 1804
634 228
634 334
634 1680
635 1101
636 212
636 325
637 1867
638 9
638 250
638 449
638 545
638 871
638 933
638 957
638 1166
638 1248
638 1304
638 1480
638 1651
638 1661
638 1668
638 1682
638 1752
638 1762
638 1863
638 1915
638 1930
640 1506
640 1561
641 349
641 556
641 859
641 879
641 880
641 892
641 954
641 955
641 965
641 967
641 1080
641 1097
641 1277
641 1355
641 1372
641 1447
641 1554
641 1559
641 1581
641 1691
641 1713
641 1809
646 158
647 71
649 240
654 777
656 349
656 556
656 859
656 879
656 880
656 892
656 954
656 955
656 965
656 967
656 1080
656 1097
656 1277
656 1355
656 1372
656 1447
656 1554
656 1559
656 1581
656 1691
656 1713
656 1809
657 806
657 1123
661 252
661 1072
661 1384
661 1991
663 597
665 1742
668 1590
670 61
670 100
670 512
670 1923
678 1652
682 1666
682 1727
682 1918
683 735
685 170
685 1614
686 670
686 1040
686 1580
692 208
694 839
694 1702
694 1799
695 134
695 1196
700 1673
701 349
701 556
701 859
701 879
701 880
701 892
701 954
701 955
701 965
701 967
701 1080
701 1097
701 1277
701 1355
701 1372
701 1447
701 1554
701 1559
701 1581
701 1691
701 1713
701 1809
704 1375
705 369
705 1280
716 991
716 1234
717 204
717 405
717 720
717 884
717 1620
717 1945
721 504
721 1330
722 653
723 9
723 250
723 449
723 545
723 871
723 933
723 957
723 1166
723 1248
723 1304
723 1480
723 1651
723 1661
723 1668
723 1682
723 1752
723 1762
723 1863
723 1915
723 1930
725 40
727 151
727 1168
728 579
729 1590
735 1666
735 1727
735 1918
737 579
745 1878
745 1976
750 1804
752 1359
753 897
753 931
753 1410
753 1791
753 1835
754 40
755 349
755 556
755 859
755 879
755 880
755 892
755 954
755 955
755 965
755 967
755 1080
755 1097
755 1277
755 1355
755 1372
755 1447
755 1554
755 1559
755 1581
755 1691
755 1713
755 1809
756 133
757 349
757 556
757 859
757 879
757 880
757 892
757 954
757 955
757 965
757 967
757 1080
757 1097
757 1277
757 1355
757 1372
757 1447
757 1554
757 1559
757 1581
757 1691
757 1713
757 1809
763 1742
764 393
765 579
766 61
766 100
766 512
766 1923
768 390
768 1276
770 562
770 1140
770 1746
772 176
772 357
772 561
772 757
772 1038
772 1236
772 1300
772 1319
772 1331
772 1344
772 1555
772 1578
772 1737
772 1803
773 9
773 250
773 449
773 545
773 871
773 933
773 957
773 1166
773 1248
773 1304
773 1480
773 1651
773 1661
773 1668
773 1682
773 1752
773 1762
773 1863
773 1915
773 1930
780 9
780 250
780 449
780 545
780 871
780 933
780 957
780 1166
780 1248
780 1304
780 1480
780 1651
780 1661
780 1668
780 1682
780 1752
780 1762
780 1863
780 1915
780 1930
788 661
788 764
788 841
788 1093
788 1313
789 134
789 1196
790 1879
792 1435
792 1488
792 1617
792 1634
792 1959
793 158
794 347
794 1079
796 658
797 658
798 208
800 368
802 349
802 556
802 859
802 879
802 880
802 892
802 954
802 955
802 965
802 967
802 1080
802 1097
802 1277
802 1355
802 1372
802 1447
802 1554
802 1559
802 1581
802 1691
802 1713
802 1809
805 38
805 889
805 928
806 390
806 1276
810 1281
811 1946
813 407
814 1712
816 1326
818 1359
820 1897
821 1804
822 390
822 1276
825 302
825 1699
826 848
829 1082
831 1017
832 983
832 1225
832 1644
834 185
834 1062
834 1721
836 1082
839 583
839 788
839 885
839 1382
839 1747
839 1848
839 1979
840 794
842 520
843 537
843 1997
844 204
844 405
844 720
844 884
844 1620
844 1945
846 1878
846 1976
849 1878
849 1976
850 973
851 341
851 1522
852 1946
853 488
853 1814
857 670
857 1040
857 1580
859 296
859 801
859 1357
859 1685
860 1742
862 1784
862 1922
863 1878
863 1976
865 1243
865 1549
865 1916
867 226
869 1943
872 343
872 994
872 1734
877 1946
879 670
879 1040
879 1580
880 349
880 556
880 859
880 879
880 892
880 954
880 955
880 965
880 967
880 1080
880 1097
880 1277
880 1355
880 1372
880 1447
880 1554
880 1559
880 1581
880 1691
880 1713
880 1809
883 607
884 490
884 1254
884 1351
887 516
888 666
890 253
890 304
890 503
890 1214
890 1271
890 1605
890 1646
892 697
892 1045
892 1951
892 1994
893 940
894 341
894 1522
897 931
897 1410
897 1791
897 1835
901 1990
903 240
905 46
905 86
905 390
905 659
905 1276
905 1295
905 1297
905 1818
907 1506
907 1561
924 9
924 250
924 449
924 545
924 871
924 933
924 957
924 1166
924 1248
924 1304
924 1480
924 1651
924 1661
924 1668
924 1682
924 1752
924 1762
924 1863
924 1915
924 1930
926 1567
931 246
931 1147
932 541
939 329
939 461
939 467
939 593
939 1069
939 1715
941 1087
942 597
945 968
946 1660
947 517
947 1230
947 1831
947 1926
948 253
948 304
948 503
948 1214
948 1271
948 1605
948 1646
950 1017
952 697
952 1045
952 1951
952 1994
960 240
961 1105
962 9
962 250
962 449
962 545
962 871
962 933
962 957
962 1166
962 1248
962 1304
962 1480
962 1651
962 1661
962 1668
962 1682
962 1752
962 1762
962 1863
962 1915
962 1930
964 802
964 810
964 1275
964 1862
965 1209
965 1269
969 1099
969 1899
970 9
970 250
970 449
970 545
970 871
970 933
970 957
970 1166
970 1248
970 1304
970 1480
970 1651
970 1661
970 1668
970 1682
970 1752
970 1762
970 1863
970 1915
970 1930
980 208
981 74
981 394
981 1256
982 1590
986 579
990 1700
990 1889
994 390
994 1276
999 697
999 1045
999 1951
999 1994
1000 655
1000 877
1000 1528
1000 1773
1001 1696
1007 390
1007 1276
1015 311
1016 329
1016 461
1016 467
1016 593
1016 1069
1016 1715
1019 349
1019 556
1019 859
1019 879
1019 880
1019 892
1019 954
1019 955
1019 965
1019 967
1019 1080
1019 1097
1019 1277
1019 1355
1019 1372
1019 1447
1019 1554
1019 1559
1019 1581
1019 1691
1019 1713
1019 1809
1021 579
1023 1272
1026 349
1026 556
1026 859
1026 879
1026 880
1026 892
1026 954
1026 955
1026 965
1026 967
1026 1080
1026 1097
1026 1277
1026 1355
1026 1372
1026 1447
1026 1554
1026 1559
1026 1581
1026 1691
1026 1713
1026 1809
1029 1784
1029 1922
1030 390
1030 1276
1031 1946
1033 349
1033 556
1033 859
1033 879
1033 880
1033 892
1033 954
1033 955
1033 965
1033 967
1033 1080
1033 1097
1033 1277
1033 1355
1033 1372
1033 1447
1033 1554
1033 1559
1033 1581
1033 1691
1033 1713
1033 1809
1035 554
1035 1084
1036 390
1036 1276
1038 349
1038 556
1038 859
1038 879
1038 880
1038 892
1038 954
1038 955
1038 965
1038 967
1038 1080
1038 1097
1038 1277
1038 1355
1038 1372
1038 1447
1038 1554
1038 1559
1038 1581
1038 1691
1038 1713
1038 1809
1039 256
1039 1286
1040 670
1040 1580
1042 151
1042 1168
1043 16
1043 1709
1045 9
1045 250
1045 449
1045 545
1045 871
1045 933
1045 957
1045 1166
1045 1248
1045 1304
1045 1480
1045 1651
1045 1661
1045 1668
1045 1682
1045 1752
1045 1762
1045 1863
1045 1915
1045 1930
1046 341
1046 1522
1047 9
1047 250
1047 449
1047 545
1047 871
1047 933
1047 957
1047 1166
1047 1248
1047 1304
1047 1480
1047 1651
1047 1661
1047 1668
1047 1682
1047 1752
1047 1762
1047 1863
1047 1915
1047 1930
1050 286
1050 418
1050 1258
1050 1769
1053 1553
1053 1736
1055 349
1055 556
1055 859
1055 879
1055 880
1055 892
1055 954
1055 955
1055 965
1055 967
1055 1080
1055 1097
1055 1277
1055 1355
1055 1372
1055 1447
1055 1554
1055 1559
1055 1581
1055 1691
1055 1713
1055 1809
1056 1087
1058 390
1058 1276
1063 579
1068 1827
1069 1784
1069 1922
1070 1359
1074 914
1075 1837
1079 1837
1080 390
1080 1276
1085 1837
1087 38
1087 889
1087 928
1088 607
1088 883
1090 244
1090 864
1090 1731
1092 977
1095 349
1095 556
1095 859
1095 879
1095 880
1095 892
1095 954
1095 955
1095 965
1095 967
1095 1080
1095 1097
1095 1277
1095 1355
1095 1372
1095 1447
1095 1554
1095 1559
1095 1581
1095 1691
1095 1713
1095 1809
1098 292
1099 253
1099 304
1099 503
1099 1214
1099 1271
1099 1605
1099 1646
1101 347
1101 1079
1104 280
1104 1047
1107 113
1107 336
1108 658
1112 1750
1116 579
1118 1050
1120 311
1120 1015
1124 9
1124 250
1124 449
1124 545
1124 871
1124 933
1124 957
1124 1166
1124 1248
1124 1304
1124 1480
1124 1651
1124 1661
1124 1668
1124 1682
1124 1752
1124 1762
1124 1863
1124 1915
1124 1930
1125 1649
1128 1004
1129 349
1129 556
1129 859
1129 879
1129 880
1129 892
1129 954
1129 955
1129 965
1129 967
1129 1080
1129 1097
1129 1277
1129 1355
1129 1372
1129 1447
1129 1554
1129 1559
1129 1581
1129 1691
1129 1713
1129 1809
1131 390
1131 1276
1133 1725
1136 516
1138 597
1139 488
1139 1814
1140 1777
1142 666
1145 341
1145 1522
1147 1946
1149 892
1151 375
1151 999
1151 1623
1151 1819
1152 28
1152 191
1152 366
1155 310
1157 390
1157 1081
1157 1106
1157 1276
1157 1816
1157 1929
1161 347
1161 1079
1162 1882
1167 390
1167 1276
1169 666
1176 136
1176 432
1177 246
1177 1147
1180 1618
1181 794
1182 628
1186 1569
1187 773
1187 1514
1188 1141
1191 349
1191 556
1191 859
1191 879
1191 880
1191 892
1191 954
1191 955
1191 965
1191 967
1191 1080
1191 1097
1191 1277
1191 1355
1191 1372
1191 1447
1191 1554
1191 1559
1191 1581
1191 1691
1191 1713
1191 1809
1193 1856
1202 1087
1203 1742
1204 1272
1206 290
1206 502
1206 1886
1210 1359
1212 1088
1217 1082
1220 406
1223 349
1223 556
1223 859
1223 879
1223 880
1223 892
1223 954
1223 955
1223 965
1223 967
1223 1080
1223 1097
1223 1277
1223 1355
1223 1372
1223 1447
1223 1554
1223 1559
1223 1581
1223 1691
1223 1713
1223 1809
1224 874
1225 409
1226 1082
1230 735
1233 483
1233 1001
1233 1726
1236 890
1236 1950
1240 390
1240 1276
1243 746
1243 765
1243 1394
1243 1453
1244 9
1244 250
1244 449
1244 545
1244 871
1244 933
1244 957
1244 1166
1244 1248
1244 1304
1244 1480
1244 1651
1244 1661
1244 1668
1244 1682
1244 1752
1244 1762
1244 1863
1244 1915
1244 1930
1245 349
1245 556
1245 859
1245 879
1245 880
1245 892
1245 954
1245 955
1245 965
1245 967
1245 1080
1245 1097
1245 1277
1245 1355
1245 1372
1245 1447
1245 1554
1245 1559
1245 1581
1245 1691
1245 1713
1245 1809
1246 195
1246 1641
1247 1471
1255 329
1255 461
1255 467
1255 593
1255 1069
1255 1715
1256 1435
1256 1488
1256 1617
1256 1634
1256 1959
1258 349
1258 556
1258 859
1258 879
1258 880
1258 892
1258 954
1258 955
1258 965
1258 967
1258 1080
1258 1097
1258 1277
1258 1355
1258 1372
1258 1447
1258 1554
1258 1559
1258 1581
1258 1691
1258 1713
1258 1809
1259 190
1259 1183
1262 347
1262 1079
1263 1878
1263 1976
1272 9
1272 250
1272 449
1272 545
1272 871
1272 933
1272 957
1272 1166
1272 1248
1272 1304
1272 1480
1272 1651
1272 1661
1272 1668
1272 1682
1272 1752
1272 1762
1272 1863
1272 1915
1272 1930
1273 579
1274 1569
1275 666
1277 746
1277 765
1277 1394
1277 1453
1279 1990
1280 369
1281 73
1281 463
1286 1435
1286 1488
1286 1617
1286 1634
1286 1959
1287 816
1289 38
1289 889
1289 928
1292 349
1292 556
1292 859
1292 879
1292 880
1292 892
1292 954
1292 955
1292 965
1292 967
1292 1080
1292 1097
1292 1277
1292 1355
1292 1372
1292 1447
1292 1554
1292 1559
1292 1581
1292 1691
1292 1713
1292 1809
1293 613
1293 903
1297 390
1297 1276
1301 951
1302 523
1302 1311
1302 1467
1302 1566
1303 349
1303 556
1303 859
1303 879
1303 880
1303 892
1303 954
1303 955
1303 965
1303 967
1303 1080
1303 1097
1303 1277
1303 1355
1303 1372
1303 1447
1303 1554
1303 1559
1303 1581
1303 1691
1303 1713
1303 1809
1305 511
1305 1404
1306 349
1306 556
1306 859
1306 879
1306 880
1306 892
1306 954
1306 955
1306 965
1306 967
1306 1080
1306 1097
1306 1277
1306 1355
1306 1372
1306 1447
1306 1554
1306 1559
1306 1581
1306 1691
1306 1713
1306 1809
1309 1944
1311 349
1311 556
1311 859
1311 879
1311 880
1311 892
1311 954
1311 955
1311 965
1311 967
1311 1080
1311 1097
1311 1277
1311 1355
1311 1372
1311 1447
1311 1554
1311 1559
1311 1581
1311 1691
1311 1713
1311 1809
1314 848
1320 376
1321 349
1321 556
1321 859
1321 879
1321 880
1321 892
1321 954
1321 955
1321 965
1321 967
1321 1080
1321 1097
1321 1277
1321 1355
1321 1372
1321 1447
1321 1554
1321 1559
1321 1581
1321 1691
1321 1713
1321 1809
1323 347
1323 1079
1327 670
1327 1040
1327 1580
1328 777
1333 1742
1334 1449
1337 9
1337 250
1337 449
1337 545
1337 871
1337 933
1337 957
1337 1166
1337 1248
1337 1304
1337 1480
1337 1651
1337 1661
1337 1668
1337 1682
1337 1752
1337 1762
1337 1863
1337 1915
1337 1930
1339 1743
1343 46
1343 86
1343 659
1343 1295
1343 1297
1343 1818
1344 9
1344 250
1344 449
1344 545
1344 871
1344 933
1344 957
1344 1166
1344 1248
1344 1304
1344 1480
1344 1651
1344 1661
1344 1668
1344 1682
1344 1752
1344 1762
1344 1863
1344 1915
1344 1930
1345 1390
1345 1642
1349 1931
1351 820
1352 1545
1353 341
1353 1522
1354 1882
1357 1074
1359 1129
1362 40
1366 1590
1367 823
1369 1817
1372 9
1372 250
1372 449
1372 545
1372 871
1372 933
1372 957
1372 1166
1372 1248
1372 1304
1372 1480
1372 1651
1372 1661
1372 1668
1372 1682
1372 1752
1372 1762
1372 1863
1372 1915
1372 1930
1377 329
1377 461
1377 467
1377 593
1377 1069
1377 1715
1379 544
1383 1087
1384 823
1386 562
1386 1140
1386 1746
1391 390
1391 1276
1392 1784
1392 1922
1395 204
1395 405
1395 720
1395 884
1395 1620
1395 1945
1400 666
1402 670
1402 1040
1402 1580
1403 798
1403 1611
1406 1666
1406 1727
1406 1918
1412 666
1414 483
1414 1001
1414 1726
1419 979
1419 1844
1421 1359
1429 1837
1432 9
1432 250
1432 449
1432 545
1432 871
1432 933
1432 957
1432 1166
1432 1248
1432 1304
1432 1480
1432 1651
1432 1661
1432 1668
1432 1682
1432 1752
1432 1762
1432 1863
1432 1915
1432 1930
1434 1742
1436 547
1436 555
1438 349
1438 556
1438 859
1438 879
1438 880
1438 892
1438 954
1438 955
1438 965
1438 967
1438 1080
1438 1097
1438 1277
1438 1355
1438 1372
1438 1447
1438 1554
1438 1559
1438 1581
1438 1691
1438 1713
1438 1809
1442 766
1443 1193
1446 9
1446 250
1446 449
1446 545
1446 871
1446 933
1446 957
1446 1166
1446 1248
1446 1304
1446 1480
1446 1651
1446 1661
1446 1668
1446 1682
1446 1752
1446 1762
1446 1863
1446 1915
1446 1930
1451 1946
1457 897
1457 931
1457 1410
1457 1791
1457 1835
1461 349
1461 556
1461 859
1461 879
1461 880
1461 892
1461 954
1461 955
1461 965
1461 967
1461 1080
1461 1097
1461 1277
1461 1355
1461 1372
1461 1447
1461 1554
1461 1559
1461 1581
1461 1691
1461 1713
1461 1809
1463 163
1463 714
1463 1018
1463 1526
1464 390
1464 1276
1465 1307
1467 523
1467 1311
1467 1566
1468 9
1468 250
1468 449
1468 545
1468 871
1468 933
1468 957
1468 1166
1468 1248
1468 1304
1468 1480
1468 1651
1468 1661
1468 1668
1468 1682
1468 1752
1468 1762
1468 1863
1468 1915
1468 1930
1471 1247
1473 8
1473 97
1473 868
1474 349
1474 556
1474 859
1474 879
1474 880
1474 892
1474 954
1474 955
1474 965
1474 967
1474 1080
1474 1097
1474 1277
1474 1355
1474 1372
1474 1447
1474 1554
1474 1559
1474 1581
1474 1691
1474 1713
1474 1809
1477 90
1477 908
1477 1461
1477 1891
1479 341
1479 1522
1480 1203
1486 1435
1486 1488
1486 1617
1486 1634
1486 1959
1487 9
1487 250
1487 449
1487 545
1487 871
1487 933
1487 957
1487 1166
1487 1248
1487 1304
1487 1480
1487 1651
1487 1661
1487 1668
1487 1682
1487 1752
1487 1762
1487 1863
1487 1915
1487 1930
1494 377
1494 687
1495 1557
1497 670
1497 1040
1497 1580
1500 579
1501 916
1501 1937
1503 747
1504 1087
1505 25
1505 99
1505 203
1505 321
1505 435
1505 649
1505 683
1505 738
1505 797
1505 1137
1505 1232
1505 1377
1505 1503
1505 1595
1505 1626
1505 1883
1505 1948
1509 212
1509 325
1510 349
1510 556
1510 859
1510 879
1510 880
1510 892
1510 954
1510 955
1510 965
1510 967
1510 1080
1510 1097
1510 1277
1510 1355
1510 1372
1510 1447
1510 1554
1510 1559
1510 1581
1510 1691
1510 1713
1510 1809
1512 1074
1514 341
1514 1522
1521 46
1521 86
1521 659
1521 1295
1521 1297
1521 1818
1523 1878
1523 1976
1529 9
1529 250
1529 449
1529 545
1529 871
1529 933
1529 957
1529 1166
1529 1248
1529 1304
1529 1480
1529 1651
1529 1661
1529 1668
1529 1682
1529 1752
1529 1762
1529 1863
1529 1915
1529 1930
1531 77
1532 390
1532 1276
1534 1742
1536 10
1541 766
1546 1508
1546 1776
1547 43
1547 51
1547 174
1547 493
1547 819
1547 895
1547 944
1547 1163
1547 1273
1547 1373
1547 1570
1547 1582
1547 1584
1547 1630
1547 1643
1547 1785
1547 1793
1549 746
1549 765
1549 1394
1549 1453
1550 50
1553 9
1553 250
1553 449
1553 545
1553 871
1553 933
1553 957
1553 1166
1553 1248
1553 1304
1553 1480
1553 1651
1553 1661
1553 1668
1553 1682
1553 1752
1553 1762
1553 1863
1553 1915
1553 1930
1555 579
1556 204
1556 405
1556 720
1556 884
1556 1620
1556 1945
1559 390
1559 1276
1560 746
1560 765
1560 962
1560 1394
1560 1453
1563 1088
1564 176
1564 357
1564 561
1564 757
1564 1038
1564 1236
1564 1300
1564 1319
1564 1331
1564 1344
1564 1555
1564 1578
1564 1737
1564 1803
1566 9
1566 250
1566 449
1566 545
1566 871
1566 933
1566 957
1566 1166
1566 1248
1566 1304
1566 1480
1566 1651
1566 1661
1566 1668
1566 1682
1566 1752
1566 1762
1566 1863
1566 1915
1566 1930
1568 50
1568 390
1568 1276
1569 962
1570 1946
1573 73
1573 463
1581 798
1581 1611
1583 1247
1583 1471
1584 110
1584 1657
1585 694
1585 839
1585 1702
1585 1799
1587 349
1587 556
1587 859
1587 879
1587 880
1587 892
1587 954
1587 955
1587 965
1587 967
1587 1080
1587 1097
1587 1277
1587 1355
1587 1372
1587 1447
1587 1554
1587 1559
1587 1581
1587 1691
1587 1713
1587 1809
1592 500
1592 1054
1595 329
1595 461
1595 467
1595 593
1595 1069
1595 1715
1599 390
1599 1276
1602 9
1602 250
1602 449
1602 545
1602 871
1602 933
1602 957
1602 1166
1602 1248
1602 1304
1602 1480
1602 1651
1602 1661
1602 1668
1602 1682
1602 1752
1602 1762
1602 1863
1602 1915
1602 1930
1604 1666
1604 1727
1604 1918
1607 1075
1607 1898
1608 794
1609 1272
1611 1742
1614 1823
1617 1435
1617 1488
1617 1634
1617 1959
1619 1897
1620 9
1620 250
1620 449
1620 545
1620 871
1620 933
1620 957
1620 1166
1620 1248
1620 1304
1620 1480
1620 1651
1620 1661
1620 1668
1620 1682
1620 1752
1620 1762
1620 1863
1620 1915
1620 1930
1621 1074
1623 1115
1625 455
1626 66
1626 88
1626 245
1626 356
1626 484
1627 670
1627 1040
1627 1580
1629 1541
1630 212
1630 325
1640 658
1641 1504
1644 121
1644 458
1644 489
1644 857
1644 1262
1644 1267
1644 1362
1644 1613
1644 1794
1644 1858
1645 1946
1646 304
1646 503
1646 1214
1646 1271
1646 1605
1648 1209
1648 1269
1650 83
1652 1827
1659 740
1660 1568
1661 176
1661 357
1661 561
1661 757
1661 1038
1661 1236
1661 1300
1661 1319
1661 1331
1661 1344
1661 1555
1661 1578
1661 1737
1661 1803
1663 208
1664 349
1664 556
1664 859
1664 879
1664 880
1664 892
1664 954
1664 955
1664 965
1664 967
1664 1080
1664 1097
1664 1277
1664 1355
1664 1372
1664 1447
1664 1554
1664 1559
1664 1581
1664 1691
1664 1713
1664 1809
1666 1727
1667 1928
1673 1946
1679 1878
1679 1976
1681 74
1681 234
1681 239
1681 394
1681 1244
1681 1256
1682 349
1682 375
1682 556
1682 859
1682 879
1682 880
1682 892
1682 954
1682 955
1682 965
1682 967
1682 999
1682 1080
1682 1097
1682 1277
1682 1355
1682 1372
1682 1447
1682 1554
1682 1559
1682 1581
1682 1623
1682 1691
1682 1713
1682 1809
1682 1819
1685 562
1685 1140
1685 1746
1687 1272
1688 349
1688 556
1688 859
1688 879
1688 880
1688 892
1688 954
1688 955
1688 965
1688 967
1688 1080
1688 1097
1688 1277
1688 1355
1688 1372
1688 1447
1688 1554
1688 1559
1688 1581
1688 1691
1688 1713
1688 1809
1689 837
1690 1742
1693 390
1693 1276
1694 670
1694 1040
1694 1580
1695 252
1695 1072
1695 1384
1695 1991
1696 281
1701 164
1702 1087
1706 273
1706 1697
1707 962
1708 1075
1708 1898
1715 329
1715 461
1715 467
1715 593
1715 1069
1716 50
1717 1673
1721 1087
1723 846
1726 1001
1727 516
1728 666
1733 686
1733 1203
1736 1553
1737 8
1737 97
1737 868
1738 9
1738 250
1738 449
1738 545
1738 871
1738 933
1738 957
1738 1166
1738 1248
1738 1304
1738 1480
1738 1651
1738 1661
1738 1668
1738 1682
1738 1752
1738 1762
1738 1863
1738 1915
1738 1930
1739 45
1739 851
1739 1701
1741 390
1741 1276
1742 53
1742 1077
1745 1272
1746 1990
1747 347
1747 1079
1751 1742
1753 82
1755 170
1755 1614
1758 1017
1761 347
1761 1079
1764 390
1764 1276
1765 1435
1765 1488
1765 1617
1765 1634
1765 1959
1767 1292
1767 1664
1769 1531
1769 1813
1771 9
1771 250
1771 449
1771 545
1771 871
1771 933
1771 957
1771 1166
1771 1248
1771 1304
1771 1480
1771 1651
1771 1661
1771 1668
1771 1682
1771 1752
1771 1762
1771 1863
1771 1915
1771 1930
1773 511
1773 1404
1774 1696
1778 579
1779 1946
1780 697
1780 1045
1780 1951
1780 1994
1784 133
1785 666
1787 9
1787 250
1787 449
1787 545
1787 871
1787 933
1787 957
1787 1166
1787 1248
1787 1304
1787 1480
1787 1651
1787 1661
1787 1668
1787 1682
1787 1752
1787 1762
1787 1863
1787 1915
1787 1930
1788 390
1788 1276
1791 666
1794 176
1794 357
1794 561
1794 757
1794 1038
1794 1236
1794 1300
1794 1319
1794 1331
1794 1344
1794 1555
1794 1578
1794 1737
1794 1803
1796 1946
1799 572
1801 1082
1803 517
1803 1209
1803 1230
1803 1269
1803 1831
1803 1926
1806 1435
1806 1488
1806 1617
1806 1634
1806 1959
1808 563
1809 37
1809 196
1809 980
1809 1779
1813 9
1813 250
1813 449
1813 545
1813 871
1813 933
1813 957
1813 1166
1813 1248
1813 1304
1813 1480
1813 1651
1813 1661
1813 1668
1813 1682
1813 1752
1813 1762
1813 1863
1813 1915
1813 1930
1814 246
1814 341
1814 1147
1814 1522
1816 9
1816 250
1816 449
1816 545
1816 871
1816 933
1816 957
1816 1166
1816 1248
1816 1304
1816 1480
1816 1651
1816 1661
1816 1668
1816 1682
1816 1752
1816 1762
1816 1863
1816 1915
1816 1930
1817 897
1817 931
1817 1410
1817 1791
1817 1835
1818 9
1818 250
1818 449
1818 545
1818 871
1818 933
1818 957
1818 1166
1818 1248
1818 1304
1818 1480
1818 1651
1818 1661
1818 1668
1818 1682
1818 1752
1818 1762
1818 1863
1818 1915
1818 1930
1819 583
1819 788
1819 885
1819 1382
1819 1747
1819 1848
1819 1979
1820 390
1820 1276
1822 1209
1822 1269
1824 1082
1831 697
1831 1045
1831 1951
1831 1994
1834 754
1837 208
1838 1370
1839 1082
1842 1823
1845 170
1845 1614
1847 697
1847 1045
1847 1951
1847 1994
1865 1946
1868 1928
1870 488
1870 1814
1878 1413
1884 390
1884 1276
1885 837
1887 670
1887 1040
1887 1580
1890 349
1890 556
1890 859
1890 879
1890 880
1890 892
1890 954
1890 955
1890 965
1890 967
1890 1080
1890 1097
1890 1277
1890 1355
1890 1372
1890 1447
1890 1554
1890 1559
1890 1581
1890 1691
1890 1713
1890 1809
1893 212
1893 325
1896 1539
1896 1790
1897 926
1897 1567
1898 337
1903 823
1907 1272
1908 579
1911 1087
1911 1352
1911 1499
1911 1706
1911 1909
1912 1352
1912 1499
1912 1706
1912 1909
1913 16
1914 349
1914 556
1914 859
1914 879
1914 880
1914 892
1914 954
1914 955
1914 965
1914 967
1914 1080
1914 1097
1914 1277
1914 1355
1914 1372
1914 1447
1914 1554
1914 1559
1914 1581
1914 1691
1914 1713
1914 1809
1915 349
1915 556
1915 859
1915 879
1915 880
1915 892
1915 954
1915 955
1915 965
1915 967
1915 1080
1915 1097
1915 1277
1915 1355
1915 1372
1915 1447
1915 1554
1915 1559
1915 1581
1915 1691
1915 1713
1915 1809
1916 746
1916 765
1916 1394
1916 1453
1917 40
1918 1727
1920 390
1920 1276
1921 2
1922 120
1922 557
1926 629
1942 74
1942 394
1942 1256
1945 9
1945 250
1945 449
1945 545
1945 871
1945 933
1945 957
1945 1166
1945 1248
1945 1304
1945 1480
1945 1651
1945 1661
1945 1668
1945 1682
1945 1752
1945 1762
1945 1863
1945 1915
1945 1930
1950 212
1950 325
1952 1435
1952 1488
1952 1617
1952 1634
1952 1959
1954 1132
1954 1857
1956 157
1956 1172
1960 46
1960 86
1960 659
1960 1295
1960 1297
1960 1818
1961 1210
1963 9
1963 250
1963 449
1963 545
1963 871
1963 933
1963 957
1963 1166
1963 1248
1963 1304
1963 1480
1963 1651
1963 1661
1963 1668
1963 1682
1963 1752
1963 1762
1963 1863
1963 1915
1963 1930
1967 1875
1973 1209
1973 1269
1979 579
1980 1712
1985 9
1985 250
1985 449
1985 545
1985 871
1985 933
1985 957
1985 1166
1985 1248
1985 1304
1985 1480
1985 1651
1985 1661
1985 1668
1985 1682
1985 1752
1985 1762
1985 1863
1985 1915
1985 1930
1987 1272
1989 1272
1990 735
1994 697
1994 1045
1994 1951
1996 1085
1998 583
1998 788
1998 885
1998 1382
1998 1747
1998 1848
1998 1979
