40
25 21
9 34
16 4
28 6
8 28
8 35
2 36
32 17
22 39
2 23
10 13
0 37
27 31
10 20
14 39
26 36
1 31
21 7
17 14
16 34
9 21
8 7
33 39
32 19
5 31
8 15
33 29
3 37
12 38
19 13
34 38
25 11
26 14
3 13
29 15
18 35
19 6
34 4
33 36
3 21
2 15
16 21
24 36
4 15
27 29
30 22
32 28
13 21
21 25
34 9
4 16
6 28
28 8
35 8
36 2
17 32
39 22
23 2
13 10
37 0
31 27
20 10
39 14
36 26
31 1
7 21
14 17
34 16
21 9
7 8
39 33
19 32
31 5
15 8
29 33
37 3
38 12
13 19
38 34
11 25
14 26
13 3
15 29
35 18
6 19
4 34
36 33
21 3
15 2
21 16
36 24
15 4
29 27
22 30
28 32
21 13