1573
2 71
2 242
3 980
3 1105
3 1507
4 329
4 698
4 845
4 1038
4 1073
4 1082
4 1110
4 1149
4 1167
4 1183
4 1185
4 1203
4 1213
4 1220
4 1233
4 1312
4 1345
4 1351
4 1363
4 1383
4 1454
4 1465
4 1494
4 1518
4 1571
5 220
5 414
5 446
5 513
5 648
5 715
5 744
5 789
5 832
5 861
5 920
5 1002
5 1133
5 1205
5 1243
5 1313
5 1348
5 1417
5 1438
5 1570
7 1014
8 625
8 1414
9 1014
10 993
11 229
11 726
20 1131
21 728
22 220
22 414
22 446
22 513
22 648
22 715
22 744
22 789
22 832
22 861
22 920
22 1002
22 1133
22 1205
22 1243
22 1313
22 1348
22 1417
22 1438
22 1570
30 467
39 1189
41 176
44 625
44 1414
46 735
46 990
48 959
50 176
51 1338
53 1235
55 305
55 1127
60 710
65 980
65 1105
65 1507
66 185
83 1106
86 50
87 222
87 912
87 1153
90 609
90 679
90 767
90 849
90 896
90 1114
90 1367
90 1382
90 1470
90 1569
90 1572
92 708
92 745
94 53
94 1273
95 237
97 495
105 176
108 1231
111 176
116 735
116 990
117 551
120 246
120 562
124 539
127 1530
129 980
129 1105
129 1507
130 52
130 1357
132 603
132 684
132 906
134 932
137 137
140 229
140 726
143 1231
144 438
145 329
145 698
145 845
145 1038
145 1073
145 1082
145 1110
145 1149
145 1167
145 1183
145 1185
145 1203
145 1213
145 1220
145 1233
145 1312
145 1345
145 1351
145 1363
145 1383
145 1454
145 1465
145 1494
145 1518
145 1571
147 402
148 176
152 20
152 485
152 566
152 899
156 952
157 533
163 716
163 1282
164 813
168 1231
170 36
172 856
173 220
173 414
173 446
173 513
173 648
173 715
173 744
173 789
173 832
173 861
173 920
173 1002
173 1133
173 1205
173 1243
173 1313
173 1348
173 1417
173 1438
173 1570
176 439
176 1471
181 1263
182 539
184 331
187 401
187 969
187 1212
191 1263
194 1247
194 1268
199 854
199 978
199 1091
201 1263
207 1271
207 1439
213 220
213 414
213 446
213 513
213 648
213 715
213 744
213 789
213 832
213 861
213 920
213 1002
213 1133
213 1205
213 1243
213 1313
213 1348
213 1417
213 1438
213 1570
215 552
215 846
215 1005
215 1028
215 1104
217 1106
219 568
219 900
219 1537
219 1544
223 220
223 414
223 446
223 513
223 648
223 715
223 744
223 789
223 832
223 861
223 920
223 1002
223 1133
223 1205
223 1243
223 1313
223 1348
223 1417
223 1438
223 1570
225 301
225 478
225 537
227 580
227 1376
231 231
235 329
235 698
235 845
235 1038
235 1073
235 1082
235 1110
235 1149
235 1167
235 1183
235 1185
235 1203
235 1213
235 1220
235 1233
235 1312
235 1345
235 1351
235 1363
235 1383
235 1454
235 1465
235 1494
235 1518
235 1571
236 872
236 1258
237 131
237 254
239 66
239 738
240 152
240 240
240 1191
241 716
241 1282
242 220
242 414
242 446
242 513
242 648
242 715
242 744
242 789
242 832
242 861
242 920
242 1002
242 1133
242 1205
242 1243
242 1313
242 1348
242 1417
242 1438
242 1570
247 329
247 698
247 845
247 1038
247 1073
247 1082
247 1110
247 1149
247 1167
247 1183
247 1185
247 1203
247 1213
247 1220
247 1233
247 1312
247 1345
247 1351
247 1363
247 1383
247 1454
247 1465
247 1494
247 1518
247 1571
255 1239
257 224
259 980
259 1105
259 1507
261 71
261 242
267 1014
268 868
271 1263
279 1189
280 430
295 735
295 990
298 166
298 780
298 1156
298 1459
300 552
300 846
300 1005
300 1028
300 1104
301 344
301 456
301 1172
301 1202
307 594
309 630
318 980
318 1105
318 1507
321 176
325 409
327 484
327 741
327 879
327 928
327 1139
327 1457
330 692
331 1366
334 813
337 872
337 1258
345 617
346 220
346 414
346 446
346 513
346 648
346 715
346 744
346 789
346 832
346 861
346 920
346 1002
346 1133
346 1205
346 1243
346 1313
346 1348
346 1417
346 1438
346 1570
350 220
350 414
350 446
350 513
350 648
350 715
350 744
350 789
350 832
350 861
350 920
350 1002
350 1133
350 1205
350 1243
350 1313
350 1348
350 1417
350 1438
350 1570
353 203
353 528
353 801
356 220
356 414
356 446
356 513
356 648
356 715
356 744
356 789
356 832
356 861
356 920
356 1002
356 1133
356 1205
356 1243
356 1313
356 1348
356 1417
356 1438
356 1570
361 203
361 528
361 801
365 735
365 990
366 856
367 921
370 166
370 780
370 1156
370 1459
371 220
371 414
371 446
371 513
371 648
371 715
371 744
371 789
371 832
371 861
371 920
371 1002
371 1133
371 1205
371 1243
371 1313
371 1348
371 1417
371 1438
371 1570
376 1353
382 246
382 562
387 692
392 481
393 1055
398 268
398 857
398 1024
399 691
399 916
399 958
399 1396
404 70
404 400
408 735
408 990
413 856
418 980
418 1105
418 1507
419 735
419 990
421 1263
423 305
423 1127
426 1058
428 497
428 820
433 1263
438 438
440 185
442 580
442 1376
443 166
443 780
443 1156
443 1459
444 2
453 431
453 1116
457 220
457 414
457 446
457 513
457 648
457 715
457 744
457 789
457 832
457 861
457 920
457 1002
457 1133
457 1205
457 1243
457 1313
457 1348
457 1417
457 1438
457 1570
464 768
464 883
464 1426
464 1463
467 552
467 846
467 1005
467 1028
467 1104
473 203
473 528
473 801
474 511
476 206
476 333
476 423
476 426
476 534
476 667
476 696
477 477
478 206
478 333
478 423
478 426
478 534
478 667
478 696
480 728
483 1087
484 220
484 414
484 446
484 513
484 648
484 715
484 744
484 789
484 832
484 861
484 920
484 1002
484 1133
484 1205
484 1243
484 1313
484 1348
484 1417
484 1438
484 1570
485 931
490 1217
493 768
493 883
493 1426
493 1463
494 197
494 465
494 935
497 226
497 615
497 790
498 28
498 498
498 1112
503 329
503 698
503 845
503 1038
503 1073
503 1082
503 1110
503 1149
503 1167
503 1183
503 1185
503 1203
503 1213
503 1220
503 1233
503 1312
503 1345
503 1351
503 1363
503 1383
503 1454
503 1465
503 1494
503 1518
503 1571
504 580
504 1376
508 851
510 206
510 333
510 423
510 426
510 534
510 667
510 696
513 823
513 880
513 988
513 1093
514 220
514 414
514 446
514 513
514 648
514 715
514 744
514 789
514 832
514 861
514 920
514 1002
514 1133
514 1205
514 1243
514 1313
514 1348
514 1417
514 1438
514 1570
517 731
517 964
517 1223
519 851
521 1247
521 1268
524 1257
526 735
526 990
527 851
528 1217
529 1247
529 1268
531 176
536 3
537 206
537 333
537 423
537 426
537 534
537 667
537 696
538 266
539 329
539 698
539 845
539 1038
539 1073
539 1082
539 1110
539 1149
539 1167
539 1183
539 1185
539 1203
539 1213
539 1220
539 1233
539 1312
539 1345
539 1351
539 1363
539 1383
539 1454
539 1465
539 1494
539 1518
539 1571
540 980
540 1105
540 1507
547 187
547 207
547 583
549 331
550 555
550 947
552 697
552 1081
552 1219
554 554
557 220
557 414
557 446
557 513
557 648
557 715
557 744
557 789
557 832
557 861
557 920
557 1002
557 1133
557 1205
557 1243
557 1313
557 1348
557 1417
557 1438
557 1570
560 851
563 1366
564 329
564 698
564 845
564 1038
564 1073
564 1082
564 1110
564 1149
564 1167
564 1183
564 1185
564 1203
564 1213
564 1220
564 1233
564 1312
564 1345
564 1351
564 1363
564 1383
564 1454
564 1465
564 1494
564 1518
564 1571
565 1251
565 1362
566 1131
571 625
571 1414
572 860
572 1044
573 592
575 1217
576 735
576 990
578 692
579 53
579 1273
582 663
582 926
582 1075
583 735
583 990
584 70
584 400
586 580
586 1376
588 891
589 511
597 851
598 610
601 439
601 1471
602 493
602 1375
609 580
609 1376
610 851
613 331
614 329
614 698
614 845
614 1038
614 1073
614 1082
614 1110
614 1149
614 1167
614 1183
614 1185
614 1203
614 1213
614 1220
614 1233
614 1312
614 1345
614 1351
614 1363
614 1383
614 1454
614 1465
614 1494
614 1518
614 1571
617 20
617 485
617 566
617 899
620 220
620 414
620 446
620 513
620 648
620 715
620 744
620 789
620 832
620 861
620 920
620 1002
620 1133
620 1205
620 1243
620 1313
620 1348
620 1417
620 1438
620 1570
623 493
623 1375
624 592
625 952
626 987
628 663
628 926
628 1075
630 320
631 1437
632 1231
637 1338
639 128
639 918
640 651
640 783
640 822
640 904
640 910
640 949
640 992
640 1555
641 1247
641 1268
642 1553
642 1566
644 856
645 872
645 1258
646 298
646 370
646 443
651 115
651 729
651 759
653 594
660 1170
667 603
667 684
667 906
677 552
677 846
677 1005
677 1028
677 1104
679 580
679 1376
681 329
681 698
681 845
681 1038
681 1073
681 1082
681 1110
681 1149
681 1167
681 1183
681 1185
681 1203
681 1213
681 1220
681 1233
681 1312
681 1345
681 1351
681 1363
681 1383
681 1454
681 1465
681 1494
681 1518
681 1571
682 1263
683 735
683 990
684 220
684 414
684 446
684 513
684 648
684 715
684 744
684 789
684 832
684 861
684 920
684 1002
684 1133
684 1205
684 1243
684 1313
684 1348
684 1417
684 1438
684 1570
686 735
686 990
687 580
687 1376
689 1506
690 331
692 209
694 140
695 695
696 64
696 195
696 406
699 74
701 592
704 523
706 735
706 990
707 850
709 823
709 880
709 988
709 1093
710 53
710 1273
711 78
713 980
713 1105
713 1507
718 494
718 718
720 1321
721 173
721 361
722 1106
723 331
724 993
725 1521
727 905
727 1346
731 329
731 698
731 845
731 1038
731 1073
731 1082
731 1110
731 1149
731 1167
731 1183
731 1185
731 1203
731 1213
731 1220
731 1233
731 1312
731 1345
731 1351
731 1363
731 1383
731 1454
731 1465
731 1494
731 1518
731 1571
732 1247
732 1268
734 580
734 1376
736 505
736 1415
738 344
738 456
738 1172
738 1202
740 329
740 698
740 845
740 1038
740 1073
740 1082
740 1110
740 1149
740 1167
740 1183
740 1185
740 1203
740 1213
740 1220
740 1233
740 1312
740 1345
740 1351
740 1363
740 1383
740 1454
740 1465
740 1494
740 1518
740 1571
741 735
741 990
743 747
743 809
743 1309
745 329
745 698
745 845
745 1038
745 1073
745 1082
745 1110
745 1149
745 1167
745 1183
745 1185
745 1203
745 1213
745 1220
745 1233
745 1312
745 1345
745 1351
745 1363
745 1383
745 1454
745 1465
745 1494
745 1518
745 1571
747 329
747 698
747 845
747 1038
747 1073
747 1082
747 1110
747 1149
747 1167
747 1183
747 1185
747 1203
747 1213
747 1220
747 1233
747 1312
747 1345
747 1351
747 1363
747 1383
747 1454
747 1465
747 1494
747 1518
747 1571
754 220
754 414
754 446
754 513
754 648
754 715
754 744
754 789
754 832
754 861
754 920
754 1002
754 1133
754 1205
754 1243
754 1313
754 1348
754 1417
754 1438
754 1570
755 1154
755 1498
759 631
760 368
761 203
761 528
761 801
762 292
762 452
762 589
762 598
762 611
762 624
762 763
762 794
762 974
762 1000
762 1117
762 1192
762 1248
762 1496
763 552
763 846
763 1005
763 1028
763 1104
764 651
764 783
764 822
764 904
764 910
764 949
764 992
764 1555
770 674
770 1433
771 331
775 280
778 1263
780 329
780 698
780 845
780 1038
780 1073
780 1082
780 1110
780 1149
780 1167
780 1183
780 1185
780 1203
780 1213
780 1220
780 1233
780 1312
780 1345
780 1351
780 1363
780 1383
780 1454
780 1465
780 1494
780 1518
780 1571
781 329
781 698
781 845
781 1038
781 1073
781 1082
781 1110
781 1149
781 1167
781 1183
781 1185
781 1203
781 1213
781 1220
781 1233
781 1312
781 1345
781 1351
781 1363
781 1383
781 1454
781 1465
781 1494
781 1518
781 1571
783 315
787 197
787 465
787 935
788 329
788 698
788 845
788 1038
788 1073
788 1082
788 1110
788 1149
788 1167
788 1183
788 1185
788 1203
788 1213
788 1220
788 1233
788 1312
788 1345
788 1351
788 1363
788 1383
788 1454
788 1465
788 1494
788 1518
788 1571
789 1125
793 210
793 448
795 1106
796 292
796 452
796 589
796 598
796 611
796 624
796 763
796 794
796 974
796 1000
796 1117
796 1192
796 1248
796 1496
798 692
800 484
800 741
800 879
800 928
800 1139
800 1457
804 617
806 1407
807 273
807 335
807 379
807 472
807 499
807 558
807 654
807 665
807 714
807 734
807 810
807 811
807 826
807 873
807 929
807 1067
807 1225
807 1542
808 580
808 1376
809 220
809 414
809 446
809 513
809 648
809 715
809 744
809 789
809 832
809 861
809 920
809 1002
809 1133
809 1205
809 1243
809 1313
809 1348
809 1417
809 1438
809 1570
810 1263
812 1071
812 1215
816 851
817 1251
817 1362
818 1338
819 1353
820 1235
821 1437
822 220
822 414
822 446
822 513
822 648
822 715
822 744
822 789
822 832
822 861
822 920
822 1002
822 1133
822 1205
822 1243
822 1313
822 1348
822 1417
822 1438
822 1570
827 549
827 819
827 940
827 1010
827 1146
827 1242
827 1344
827 1380
827 1381
827 1504
828 1263
829 305
829 1127
830 1506
832 377
832 576
832 727
832 742
832 753
832 808
832 855
832 985
832 1143
832 1359
832 1390
832 1430
832 1445
832 1527
833 329
833 698
833 845
833 1038
833 1073
833 1082
833 1110
833 1149
833 1167
833 1183
833 1185
833 1203
833 1213
833 1220
833 1233
833 1312
833 1345
833 1351
833 1363
833 1383
833 1454
833 1465
833 1494
833 1518
833 1571
834 1263
837 609
837 679
837 767
837 849
837 896
837 1114
837 1367
837 1382
837 1470
837 1569
837 1572
838 329
838 698
838 845
838 1038
838 1073
838 1082
838 1110
838 1149
838 1167
838 1183
838 1185
838 1203
838 1213
838 1220
838 1233
838 1312
838 1345
838 1351
838 1363
838 1383
838 1454
838 1465
838 1494
838 1518
838 1571
839 636
840 735
840 990
841 72
842 45
846 552
846 846
846 1005
846 1028
846 1104
848 1106
851 1014
852 594
855 197
855 465
855 935
857 1271
857 1439
858 980
858 1105
858 1507
859 1087
860 497
860 820
862 344
862 456
862 1172
862 1202
863 220
863 414
863 446
863 513
863 648
863 715
863 744
863 789
863 832
863 861
863 920
863 1002
863 1133
863 1205
863 1243
863 1313
863 1348
863 1417
863 1438
863 1570
864 1012
864 1160
865 841
869 603
869 684
869 906
872 36
874 344
874 456
874 1172
874 1202
876 220
876 414
876 446
876 513
876 648
876 715
876 744
876 789
876 832
876 861
876 920
876 1002
876 1133
876 1205
876 1243
876 1313
876 1348
876 1417
876 1438
876 1570
877 220
877 414
877 446
877 513
877 648
877 715
877 744
877 789
877 832
877 861
877 920
877 1002
877 1133
877 1205
877 1243
877 1313
877 1348
877 1417
877 1438
877 1570
878 768
878 883
878 1426
878 1463
879 220
879 414
879 446
879 513
879 648
879 715
879 744
879 789
879 832
879 861
879 920
879 1002
879 1133
879 1205
879 1243
879 1313
879 1348
879 1417
879 1438
879 1570
880 205
880 858
880 1025
880 1151
880 1240
880 1269
880 1460
882 882
887 1235
892 1260
900 938
900 1033
900 1126
902 301
902 478
902 537
904 220
904 414
904 446
904 513
904 648
904 715
904 744
904 789
904 832
904 861
904 920
904 1002
904 1133
904 1205
904 1243
904 1313
904 1348
904 1417
904 1438
904 1570
905 438
907 344
907 456
907 1172
907 1202
908 1370
909 723
910 552
910 846
910 1005
910 1028
910 1104
912 893
915 220
915 414
915 446
915 513
915 648
915 715
915 744
915 789
915 832
915 861
915 920
915 1002
915 1133
915 1205
915 1243
915 1313
915 1348
915 1417
915 1438
915 1570
920 580
920 1376
921 781
921 934
921 1079
921 1435
924 704
926 1106
928 220
928 414
928 446
928 513
928 648
928 715
928 744
928 789
928 832
928 861
928 920
928 1002
928 1133
928 1205
928 1243
928 1313
928 1348
928 1417
928 1438
928 1570
929 438
930 329
930 698
930 845
930 1038
930 1073
930 1082
930 1110
930 1149
930 1167
930 1183
930 1185
930 1203
930 1213
930 1220
930 1233
930 1312
930 1345
930 1351
930 1363
930 1383
930 1454
930 1465
930 1494
930 1518
930 1571
931 876
931 1178
932 871
933 594
935 329
935 698
935 845
935 1038
935 1073
935 1082
935 1110
935 1149
935 1167
935 1183
935 1185
935 1203
935 1213
935 1220
935 1233
935 1312
935 1345
935 1351
935 1363
935 1383
935 1454
935 1465
935 1494
935 1518
935 1571
937 694
939 675
939 725
939 827
944 1171
944 1227
944 1492
946 216
950 876
950 1178
952 704
955 248
961 347
962 625
962 1414
965 511
968 474
972 332
972 526
972 547
972 645
972 765
972 907
972 973
972 1297
972 1318
972 1337
972 1440
974 205
974 858
974 1025
974 1151
974 1240
974 1269
974 1460
975 603
975 684
975 906
977 1263
978 467
983 329
983 698
983 845
983 1038
983 1073
983 1082
983 1110
983 1149
983 1167
983 1183
983 1185
983 1203
983 1213
983 1220
983 1233
983 1312
983 1345
983 1351
983 1363
983 1383
983 1454
983 1465
983 1494
983 1518
983 1571
984 53
984 1273
987 728
988 298
988 370
988 443
992 1437
993 128
993 918
994 815
995 728
996 44
997 1260
998 651
998 783
998 822
998 904
998 910
998 949
998 992
998 1555
1000 784
1000 943
1002 1054
1004 580
1004 1376
1008 274
1008 1008
1008 1425
1008 1528
1008 1559
1011 731
1011 964
1011 1223
1014 735
1014 990
1016 220
1016 414
1016 446
1016 513
1016 648
1016 715
1016 744
1016 789
1016 832
1016 861
1016 920
1016 1002
1016 1133
1016 1205
1016 1243
1016 1313
1016 1348
1016 1417
1016 1438
1016 1570
1021 1014
1024 229
1024 726
1025 580
1025 1376
1028 268
1028 857
1028 1024
1030 203
1030 528
1030 801
1032 185
1033 871
1034 220
1034 414
1034 446
1034 513
1034 648
1034 715
1034 744
1034 789
1034 832
1034 861
1034 920
1034 1002
1034 1133
1034 1205
1034 1243
1034 1313
1034 1348
1034 1417
1034 1438
1034 1570
1035 44
1036 329
1036 698
1036 845
1036 1038
1036 1073
1036 1082
1036 1110
1036 1149
1036 1167
1036 1183
1036 1185
1036 1203
1036 1213
1036 1220
1036 1233
1036 1312
1036 1345
1036 1351
1036 1363
1036 1383
1036 1454
1036 1465
1036 1494
1036 1518
1036 1571
1037 705
1037 1065
1039 856
1040 813
1042 497
1042 820
1046 834
1047 329
1047 698
1047 845
1047 1038
1047 1073
1047 1082
1047 1110
1047 1149
1047 1167
1047 1183
1047 1185
1047 1203
1047 1213
1047 1220
1047 1233
1047 1312
1047 1345
1047 1351
1047 1363
1047 1383
1047 1454
1047 1465
1047 1494
1047 1518
1047 1571
1049 1392
1050 154
1052 220
1052 414
1052 446
1052 513
1052 648
1052 715
1052 744
1052 789
1052 832
1052 861
1052 920
1052 1002
1052 1133
1052 1205
1052 1243
1052 1313
1052 1348
1052 1417
1052 1438
1052 1570
1053 471
1054 580
1054 1376
1056 1247
1056 1268
1057 768
1057 883
1057 1426
1057 1463
1058 471
1060 735
1060 990
1062 377
1062 576
1062 727
1062 742
1062 753
1062 808
1062 855
1062 985
1062 1143
1062 1359
1062 1390
1062 1430
1062 1445
1062 1527
1064 44
1065 735
1065 990
1068 735
1068 990
1070 675
1070 725
1070 827
1071 205
1071 858
1071 1025
1071 1151
1071 1240
1071 1269
1071 1460
1072 203
1072 528
1072 801
1073 75
1073 179
1073 330
1073 398
1074 1014
1077 216
1078 511
1084 511
1087 439
1087 1471
1089 952
1091 735
1091 990
1093 603
1093 684
1093 906
1094 201
1094 591
1094 802
1094 864
1100 467
1101 203
1101 528
1101 801
1102 731
1102 964
1102 1223
1103 371
1104 872
1104 1258
1105 1239
1106 663
1106 926
1106 1075
1109 32
1111 412
1113 220
1113 414
1113 446
1113 513
1113 648
1113 715
1113 744
1113 789
1113 832
1113 861
1113 920
1113 1002
1113 1133
1113 1205
1113 1243
1113 1313
1113 1348
1113 1417
1113 1438
1113 1570
1121 271
1121 512
1123 1338
1124 329
1124 698
1124 845
1124 1038
1124 1073
1124 1082
1124 1110
1124 1149
1124 1167
1124 1183
1124 1185
1124 1203
1124 1213
1124 1220
1124 1233
1124 1312
1124 1345
1124 1351
1124 1363
1124 1383
1124 1454
1124 1465
1124 1494
1124 1518
1124 1571
1125 856
1126 436
1126 564
1126 966
1128 694
1131 1532
1132 329
1132 698
1132 845
1132 1038
1132 1073
1132 1082
1132 1110
1132 1149
1132 1167
1132 1183
1132 1185
1132 1203
1132 1213
1132 1220
1132 1233
1132 1312
1132 1345
1132 1351
1132 1363
1132 1383
1132 1454
1132 1465
1132 1494
1132 1518
1132 1571
1135 1372
1137 1189
1138 141
1138 1078
1140 1012
1140 1160
1142 298
1142 370
1142 443
1146 471
1147 185
1148 878
1149 220
1149 414
1149 446
1149 513
1149 648
1149 715
1149 744
1149 789
1149 832
1149 861
1149 920
1149 1002
1149 1133
1149 1205
1149 1243
1149 1313
1149 1348
1149 1417
1149 1438
1149 1570
1153 268
1153 857
1153 1024
1155 735
1155 990
1159 152
1159 240
1159 1191
1161 1161
1164 1239
1168 594
1169 768
1169 883
1169 1426
1169 1463
1171 735
1171 990
1173 152
1173 240
1173 1191
1176 1247
1176 1268
1177 220
1177 414
1177 446
1177 513
1177 648
1177 715
1177 744
1177 789
1177 832
1177 861
1177 920
1177 1002
1177 1133
1177 1205
1177 1243
1177 1313
1177 1348
1177 1417
1177 1438
1177 1570
1178 931
1182 474
1184 651
1184 783
1184 822
1184 904
1184 910
1184 949
1184 992
1184 1555
1185 735
1185 990
1186 694
1187 377
1187 576
1187 727
1187 742
1187 753
1187 808
1187 855
1187 985
1187 1143
1187 1359
1187 1390
1187 1430
1187 1445
1187 1527
1189 1530
1190 551
1192 552
1192 846
1192 1005
1192 1028
1192 1104
1195 220
1195 414
1195 446
1195 513
1195 648
1195 715
1195 744
1195 789
1195 832
1195 861
1195 920
1195 1002
1195 1133
1195 1205
1195 1243
1195 1313
1195 1348
1195 1417
1195 1438
1195 1570
1197 609
1197 679
1197 767
1197 849
1197 896
1197 1114
1197 1367
1197 1382
1197 1470
1197 1569
1197 1572
1199 109
1200 152
1200 240
1200 1191
1201 804
1204 795
1207 952
1208 1260
1210 1247
1210 1268
1212 856
1215 1106
1216 1530
1218 834
1220 220
1220 414
1220 446
1220 513
1220 648
1220 715
1220 744
1220 789
1220 832
1220 861
1220 920
1220 1002
1220 1133
1220 1205
1220 1243
1220 1313
1220 1348
1220 1417
1220 1438
1220 1570
1223 876
1223 1178
1225 594
1227 438
1233 14
1233 946
1233 1089
1233 1502
1236 1236
1239 952
1244 1553
1244 1566
1247 769
1249 152
1249 240
1249 1191
1250 329
1250 698
1250 845
1250 1038
1250 1073
1250 1082
1250 1110
1250 1149
1250 1167
1250 1183
1250 1185
1250 1203
1250 1213
1250 1220
1250 1233
1250 1312
1250 1345
1250 1351
1250 1363
1250 1383
1250 1454
1250 1465
1250 1494
1250 1518
1250 1571
1254 404
1254 760
1254 1174
1254 1253
1255 467
1257 735
1257 990
1258 490
1258 575
1265 484
1265 741
1265 879
1265 928
1265 1139
1265 1457
1269 580
1269 1376
1271 610
1272 205
1272 858
1272 1025
1272 1151
1272 1240
1272 1269
1272 1460
1273 610
1277 70
1277 400
1278 377
1278 576
1278 727
1278 742
1278 753
1278 808
1278 855
1278 985
1278 1143
1278 1359
1278 1390
1278 1430
1278 1445
1278 1527
1280 625
1280 1414
1283 216
1284 329
1284 698
1284 845
1284 1038
1284 1073
1284 1082
1284 1110
1284 1149
1284 1167
1284 1183
1284 1185
1284 1203
1284 1213
1284 1220
1284 1233
1284 1312
1284 1345
1284 1351
1284 1363
1284 1383
1284 1454
1284 1465
1284 1494
1284 1518
1284 1571
1286 60
1286 319
1286 730
1287 1106
1288 651
1288 783
1288 822
1288 904
1288 910
1288 949
1288 992
1288 1555
1290 1087
1292 1014
1294 220
1294 414
1294 446
1294 513
1294 648
1294 715
1294 744
1294 789
1294 832
1294 861
1294 920
1294 1002
1294 1133
1294 1205
1294 1243
1294 1313
1294 1348
1294 1417
1294 1438
1294 1570
1295 1469
1296 1372
1299 220
1299 414
1299 446
1299 513
1299 648
1299 715
1299 744
1299 789
1299 832
1299 861
1299 920
1299 1002
1299 1133
1299 1205
1299 1243
1299 1313
1299 1348
1299 1417
1299 1438
1299 1570
1301 580
1301 1376
1303 1239
1304 203
1304 528
1304 801
1305 331
1306 965
1308 220
1308 414
1308 446
1308 513
1308 648
1308 715
1308 744
1308 789
1308 832
1308 861
1308 920
1308 1002
1308 1133
1308 1205
1308 1243
1308 1313
1308 1348
1308 1417
1308 1438
1308 1570
1309 220
1309 414
1309 446
1309 513
1309 648
1309 715
1309 744
1309 789
1309 832
1309 861
1309 920
1309 1002
1309 1133
1309 1205
1309 1243
1309 1313
1309 1348
1309 1417
1309 1438
1309 1570
1312 203
1312 528
1312 801
1315 1372
1318 735
1318 990
1319 329
1319 698
1319 845
1319 1038
1319 1073
1319 1082
1319 1110
1319 1149
1319 1167
1319 1183
1319 1185
1319 1203
1319 1213
1319 1220
1319 1233
1319 1312
1319 1345
1319 1351
1319 1363
1319 1383
1319 1454
1319 1465
1319 1494
1319 1518
1319 1571
1320 856
1323 691
1323 916
1323 958
1323 1396
1326 152
1326 240
1326 1191
1328 229
1328 726
1329 651
1329 783
1329 822
1329 904
1329 910
1329 949
1329 992
1329 1555
1330 511
1335 268
1335 857
1335 1024
1336 434
1337 344
1337 456
1337 1172
1337 1202
1338 980
1338 1105
1338 1507
1339 592
1343 1247
1343 1268
1344 152
1344 240
1344 1191
1345 152
1345 240
1345 1191
1346 119
1346 286
1346 306
1346 384
1346 522
1347 203
1347 528
1347 801
1350 1499
1358 329
1358 698
1358 845
1358 1038
1358 1073
1358 1082
1358 1110
1358 1149
1358 1167
1358 1183
1358 1185
1358 1203
1358 1213
1358 1220
1358 1233
1358 1312
1358 1345
1358 1351
1358 1363
1358 1383
1358 1454
1358 1465
1358 1494
1358 1518
1358 1571
1359 329
1359 698
1359 845
1359 1038
1359 1073
1359 1082
1359 1110
1359 1149
1359 1167
1359 1183
1359 1185
1359 1203
1359 1213
1359 1220
1359 1233
1359 1312
1359 1345
1359 1351
1359 1363
1359 1383
1359 1454
1359 1465
1359 1494
1359 1518
1359 1571
1360 1106
1362 1239
1363 735
1363 990
1365 329
1365 698
1365 845
1365 1038
1365 1073
1365 1082
1365 1110
1365 1149
1365 1167
1365 1183
1365 1185
1365 1203
1365 1213
1365 1220
1365 1233
1365 1312
1365 1345
1365 1351
1365 1363
1365 1383
1365 1454
1365 1465
1365 1494
1365 1518
1365 1571
1366 329
1366 698
1366 845
1366 1038
1366 1073
1366 1082
1366 1110
1366 1149
1366 1167
1366 1183
1366 1185
1366 1203
1366 1213
1366 1220
1366 1233
1366 1312
1366 1345
1366 1351
1366 1363
1366 1383
1366 1454
1366 1465
1366 1494
1366 1518
1366 1571
1367 1553
1367 1566
1368 594
1369 203
1369 528
1369 801
1374 329
1374 698
1374 845
1374 1038
1374 1073
1374 1082
1374 1110
1374 1149
1374 1167
1374 1183
1374 1185
1374 1203
1374 1213
1374 1220
1374 1233
1374 1312
1374 1345
1374 1351
1374 1363
1374 1383
1374 1454
1374 1465
1374 1494
1374 1518
1374 1571
1376 609
1376 679
1376 767
1376 849
1376 896
1376 1114
1376 1367
1376 1382
1376 1470
1376 1569
1376 1572
1377 329
1377 698
1377 845
1377 1038
1377 1073
1377 1082
1377 1110
1377 1149
1377 1167
1377 1183
1377 1185
1377 1203
1377 1213
1377 1220
1377 1233
1377 1312
1377 1345
1377 1351
1377 1363
1377 1383
1377 1454
1377 1465
1377 1494
1377 1518
1377 1571
1378 220
1378 414
1378 446
1378 513
1378 648
1378 715
1378 744
1378 789
1378 832
1378 861
1378 920
1378 1002
1378 1133
1378 1205
1378 1243
1378 1313
1378 1348
1378 1417
1378 1438
1378 1570
1380 980
1380 1105
1380 1507
1382 220
1382 414
1382 446
1382 513
1382 648
1382 715
1382 744
1382 789
1382 832
1382 861
1382 920
1382 1002
1382 1133
1382 1205
1382 1243
1382 1313
1382 1348
1382 1417
1382 1438
1382 1570
1383 166
1383 780
1383 1156
1383 1459
1384 663
1384 926
1384 1075
1385 329
1385 698
1385 845
1385 1038
1385 1073
1385 1082
1385 1110
1385 1149
1385 1167
1385 1183
1385 1185
1385 1203
1385 1213
1385 1220
1385 1233
1385 1312
1385 1345
1385 1351
1385 1363
1385 1383
1385 1454
1385 1465
1385 1494
1385 1518
1385 1571
1388 856
1390 220
1390 414
1390 446
1390 513
1390 648
1390 715
1390 744
1390 789
1390 832
1390 861
1390 920
1390 1002
1390 1133
1390 1205
1390 1243
1390 1313
1390 1348
1390 1417
1390 1438
1390 1570
1395 1106
1396 185
1397 625
1397 1414
1398 851
1400 220
1400 414
1400 446
1400 513
1400 648
1400 715
1400 744
1400 789
1400 832
1400 861
1400 920
1400 1002
1400 1133
1400 1205
1400 1243
1400 1313
1400 1348
1400 1417
1400 1438
1400 1570
1403 159
1403 363
1403 678
1403 944
1404 781
1404 934
1404 1079
1404 1435
1405 344
1405 456
1405 1172
1405 1202
1406 580
1406 1376
1408 329
1408 698
1408 845
1408 1038
1408 1073
1408 1082
1408 1110
1408 1149
1408 1167
1408 1183
1408 1185
1408 1203
1408 1213
1408 1220
1408 1233
1408 1312
1408 1345
1408 1351
1408 1363
1408 1383
1408 1454
1408 1465
1408 1494
1408 1518
1408 1571
1410 166
1410 780
1410 1156
1410 1459
1414 856
1416 592
1418 152
1418 240
1418 1191
1420 474
1421 1157
1421 1206
1423 641
1425 220
1425 414
1425 446
1425 513
1425 648
1425 715
1425 744
1425 789
1425 832
1425 861
1425 920
1425 1002
1425 1133
1425 1205
1425 1243
1425 1313
1425 1348
1425 1417
1425 1438
1425 1570
1426 594
1430 568
1430 900
1430 1537
1430 1544
1431 1353
1434 636
1436 1171
1436 1227
1436 1492
1437 1188
1438 329
1438 698
1438 845
1438 1038
1438 1073
1438 1082
1438 1110
1438 1149
1438 1167
1438 1183
1438 1185
1438 1203
1438 1213
1438 1220
1438 1233
1438 1312
1438 1345
1438 1351
1438 1363
1438 1383
1438 1454
1438 1465
1438 1494
1438 1518
1438 1571
1439 471
1441 305
1441 1127
1443 1014
1446 735
1446 990
1447 856
1448 329
1448 698
1448 845
1448 1038
1448 1073
1448 1082
1448 1110
1448 1149
1448 1167
1448 1183
1448 1185
1448 1203
1448 1213
1448 1220
1448 1233
1448 1312
1448 1345
1448 1351
1448 1363
1448 1383
1448 1454
1448 1465
1448 1494
1448 1518
1448 1571
1449 329
1449 698
1449 845
1449 1038
1449 1073
1449 1082
1449 1110
1449 1149
1449 1167
1449 1183
1449 1185
1449 1203
1449 1213
1449 1220
1449 1233
1449 1312
1449 1345
1449 1351
1449 1363
1449 1383
1449 1454
1449 1465
1449 1494
1449 1518
1449 1571
1450 1012
1450 1160
1451 728
1454 568
1454 900
1454 1537
1454 1544
1456 259
1460 616
1460 638
1460 749
1460 1107
1460 1323
1463 271
1463 512
1467 813
1468 663
1468 926
1468 1075
1470 735
1470 990
1471 119
1471 286
1471 306
1471 384
1471 522
1472 1102
1474 735
1474 990
1475 594
1478 1271
1478 1439
1479 329
1479 698
1479 845
1479 1038
1479 1073
1479 1082
1479 1110
1479 1149
1479 1167
1479 1183
1479 1185
1479 1203
1479 1213
1479 1220
1479 1233
1479 1312
1479 1345
1479 1351
1479 1363
1479 1383
1479 1454
1479 1465
1479 1494
1479 1518
1479 1571
1480 152
1480 240
1480 1191
1482 594
1483 1532
1484 856
1485 574
1486 329
1486 698
1486 845
1486 1038
1486 1073
1486 1082
1486 1110
1486 1149
1486 1167
1486 1183
1486 1185
1486 1203
1486 1213
1486 1220
1486 1233
1486 1312
1486 1345
1486 1351
1486 1363
1486 1383
1486 1454
1486 1465
1486 1494
1486 1518
1486 1571
1490 438
1492 1106
1493 474
1494 625
1494 1414
1495 329
1495 698
1495 845
1495 1038
1495 1073
1495 1082
1495 1110
1495 1149
1495 1167
1495 1183
1495 1185
1495 1203
1495 1213
1495 1220
1495 1233
1495 1312
1495 1345
1495 1351
1495 1363
1495 1383
1495 1454
1495 1465
1495 1494
1495 1518
1495 1571
1496 22
1496 956
1496 984
1496 1276
1496 1306
1499 1493
1501 1251
1501 1362
1502 1263
1503 735
1503 990
1504 377
1504 576
1504 727
1504 742
1504 753
1504 808
1504 855
1504 985
1504 1143
1504 1359
1504 1390
1504 1430
1504 1445
1504 1527
1505 735
1505 990
1507 603
1507 684
1507 906
1508 735
1508 990
1509 609
1509 679
1509 767
1509 849
1509 896
1509 1114
1509 1367
1509 1382
1509 1470
1509 1569
1509 1572
1510 1106
1515 377
1515 576
1515 727
1515 742
1515 753
1515 808
1515 855
1515 985
1515 1143
1515 1359
1515 1390
1515 1430
1515 1445
1515 1527
1516 651
1516 783
1516 822
1516 904
1516 910
1516 949
1516 992
1516 1555
1517 154
1519 856
1520 830
1522 651
1522 783
1522 822
1522 904
1522 910
1522 949
1522 992
1522 1555
1523 1161
1524 305
1524 1127
1525 830
1527 329
1527 698
1527 845
1527 1038
1527 1073
1527 1082
1527 1110
1527 1149
1527 1167
1527 1183
1527 1185
1527 1203
1527 1213
1527 1220
1527 1233
1527 1312
1527 1345
1527 1351
1527 1363
1527 1383
1527 1454
1527 1465
1527 1494
1527 1518
1527 1571
1528 119
1528 286
1528 306
1528 384
1528 522
1530 220
1530 414
1530 446
1530 513
1530 648
1530 715
1530 744
1530 789
1530 832
1530 861
1530 920
1530 1002
1530 1133
1530 1205
1530 1243
1530 1313
1530 1348
1530 1417
1530 1438
1530 1570
1531 307
1531 629
1531 890
1532 841
1533 609
1533 679
1533 767
1533 849
1533 896
1533 1114
1533 1367
1533 1382
1533 1470
1533 1569
1533 1572
1534 580
1534 1376
1535 877
1535 1108
1535 1364
1535 1511
1537 610
1539 594
1542 438
1543 580
1543 1376
1544 603
1544 684
1544 906
1546 329
1546 698
1546 845
1546 1038
1546 1073
1546 1082
1546 1110
1546 1149
1546 1167
1546 1183
1546 1185
1546 1203
1546 1213
1546 1220
1546 1233
1546 1312
1546 1345
1546 1351
1546 1363
1546 1383
1546 1454
1546 1465
1546 1494
1546 1518
1546 1571
1547 609
1547 679
1547 767
1547 849
1547 896
1547 1114
1547 1367
1547 1382
1547 1470
1547 1569
1547 1572
1549 1157
1549 1206
1550 735
1550 990
1552 1263
1553 872
1553 1258
1556 329
1556 698
1556 845
1556 1038
1556 1073
1556 1082
1556 1110
1556 1149
1556 1167
1556 1183
1556 1185
1556 1203
1556 1213
1556 1220
1556 1233
1556 1312
1556 1345
1556 1351
1556 1363
1556 1383
1556 1454
1556 1465
1556 1494
1556 1518
1556 1571
1557 603
1557 684
1557 906
1558 484
1558 741
1558 879
1558 928
1558 1139
1558 1457
1559 128
1559 918
1563 203
1563 528
1563 801
1566 271
1566 512
1567 220
1567 414
1567 446
1567 513
1567 648
1567 715
1567 744
1567 789
1567 832
1567 861
1567 920
1567 1002
1567 1133
1567 1205
1567 1243
1567 1313
1567 1348
1567 1417
1567 1438
1567 1570
1569 609
1569 679
1569 767
1569 849
1569 896
1569 1114
1569 1367
1569 1382
1569 1470
1569 1569
1569 1572
1570 823
1570 880
1570 988
1570 1093
1572 1125
